0 11 S 3
0 3 r 1
1 0 A 0
2 3 S 4
3 1 S 6
4 3 S 37
4 1 S 16
4 8 S 33
4 5 S 40
5 28 S 7
5 25 S 9
6 25 r 2
6 28 r 2		
7 10 S 8
8 22 r 3
9 1 S 11
10 22 S 51
11 25 r 4
11 28 r 4
12 4 S 13
13 23 S 50
14 22 S 15
14 4 r 5
15 3 S 37
15 1 S 16
15 8 S 33
15 5 S 40
16 24 S 17
17 1 S 18
17 2 S 19
17 26 S 23
18 4 r 6
18 22 r 6
18 7 r 6
18 12 r 6
18 13 r 6
18 14 r 6
18 15 r 6
18 27 r 6
18 16 r 6
18 17 r 6
18 18 r 6
18 19 r 6
18 20 r 6
18 21 r 6
18 6 r 6
18 9 r 6
19 4 r 7
19 22 r 7
19 7 r 7
19 12 r 7
19 13 r 7
19 14 r 7
19 15 r 7
19 27 r 7
19 16 r 7
19 17 r 7
19 18 r 7
19 19 r 7
19 20 r 7
19 21 r 7
19 6 r 7
19 9 r 7
20 4 r 8
20 22 r 8
20 7 r 8
20 12 r 8
20 13 r 8
20 14 r 8
20 15 r 8
20 27 r 8
20 16 r 8
20 17 r 8
20 18 r 8
20 19 r 8
20 20 r 8
20 21 r 8
20 9 r 8
20 6 r 8
21 4 r 9
21 22 r 9
21 7 r 9
21 12 r 9
21 13 r 9
21 27 r 9
21 16 r 9
21 17 r 9
21 18 r 9
21 19 r 9
21 20 r 9
21 21 r 9
21 6 r 9
21 9 r 9
21 14 S 26
21 15 S 28
22 4 r 10
22 22 r 10
22 7 r 10
22 12 S 24
22 13 S 31
23 1 S 18
23 2 S 19
23 26 S 23
24 1 S 18
24 2 S 19
24 26 S 23
25  4 r 11
25 22 r 11
25 7 r 11
25 12 r 11
25 13 r 11
25 27 r 11
25 16 r 11
25 17 r 11
25 18 r 11
25 19 r 11
25 20 r 11
25 21 r 11
25 6 r 11
25 9 r 11
25 14 S 26
25 15 S 28
26 1 S 18
26 2 S 19
26 26 S 23
27 4 r 12
27 22 r 12
27 7 r 12
27 12 r 12
27 13 r 12
27 14 r 12
27 15 r 12
27 27 r 12
27 16 r 12
27 17 r 12
27 18 r 12
27 19 r 12
27 20 r 12
27 21 r 12
27 9 r 12
27 6 r 12
28 1 S 18
28 2 S 19
28 26 S 23
29 4 r 13
29 22 r 13
29 7 r 13
29 6 r 13
29 9 r 13
29 12 r 13
29 13 r 13
29 14 r 13
29 15 r 13
29 27 r 13
29 16 r 13
29 17 r 13
29 18 r 13
29 19 r 13
29 20 r 13
29 21 r 13
30 12 S 24
30 13 S 31
30 27 S 32
31 1 S 18
31 2 S 19
31 26 S 23
32 4 r 14
32 22 r 14
32 7 r 14
32 12 r 14
32 13 r 14
32 14 r 14
32 15 r 14
32 27 r 14
32 16 r 14
32 17 r 14
32 18 r 14
32 19 r 14
32 20 r 14
32 21 r 14
32 9 r 14
32 6 r 14
33 1 S 18
33 2 S 19
33 26 S 23
34 9 S 35
35 3 S 37
35 1 S 16
35 8 S 33
35 5 S 40
36 4 r 15
36 22 r 15
36 7 r 15
37 3 S 37
37 1 S 16
37 8 S 33
37 5 S 40
38 4 S 39
39 4 r 16
39 22 r 16
39 7 r 16
40 1 S 18
40 2 S 19
40 26 S 23
41 6 S 45
42 12 S 24
42 13 S 31
42 16 S 56
42 17 S 57
42 18 S 58
42 19 S 59
42 20 S 60
42 21 S 61
43 1 S 18
43 2 S 19
43 26 S 23
44 6 r 17
44 9 r 17
44 12 S 24
44 13 S 31
45 3 S 37
45 1 S 16
45 8 S 33
45 5 S 40
46 7 S 47
48 4 r 18
48 22 r 18
48 7 r 18
47 3 S 37
47 1 S 16
47 8 S 33
47 5 S 40
49 4 r 19
49 22 r 19
49 7 r 19
49 12 r 19
49 13 r 19
49 27 r 19
49 16 r 19
49 17 r 19
49 18 r 19
49 19 r 19
49 19 r 19
49 21 r 19
49 9 r 19
49 6 r 19
49 14 S 26
49 15 S 28
50 0 r 20
51 3 r 21
52 4 r 22
52 22 r 22
52 7 r 22
53 4 r 23
53 22 r 23
53 7 r 23
54 4 r 24
54 22 r 24
54 7 r 24
55 4 r 25
55 22 r 25
55 7 r 25
56 1 r 26
56 2 r 26
56 26 r 26
57 1 r 27
57 2 r 27
57 26 r 27
58 1 r 28
58 2 r 28
58 26 r 28
59 1 r 29
59 2 r 29
59 26 r 29
60 1 r 30
60 2 r 30
60 26 r 30
61 1 r 31
61 2 r 31
61 26 r 31
62 4 r 32