0 29 1
0 30 2
3 31 5
4 32 12
4 33 14
4 40 52
4 41 53
4 42 54
4 43 55
7 34 10
15 32 62
15 33 14
15 40 52
15 41 53
15 42 54
15 43 55
17 35 20
17 36 21
17 37 22
23 35 20
23 36 21
23 37 30
24 35 20
24 36 25
26 35 27
28 35 29
31 35 20
31 36 49
33 35 20
33 36 21
33 37 42
33 38 34
35 33 36
35 40 52
35 41 53
35 42 54
35 43 55
37 32 38
37 33 14
37 40 52
37 41 53
37 42 54
37 43 55
40 35 20
40 36 21
40 37 42
40 38 41
42 39 43
43 35 20
43 36 21
43 37 44
45 33 46
45 40 52
45 41 53
45 42 54
45 43 55
47 33 48
47 40 52
47 41 53
47 42 54
47 43 55